using UnityEngine;

public class TerrainBrush : Brush
{
    static readonly float[,] PRECOMPUTED_DIST = new float[65,65]
    {
        { 45.2548f, 44.5533f, 43.8634f, 43.1856f, 42.5206f, 41.8688f, 41.2311f, 40.6079f, 40f, 39.4081f, 38.833f, 38.2753f, 37.7359f, 37.2156f, 36.7151f, 36.2353f, 35.7771f, 35.3412f, 34.9285f, 34.5398f, 34.176f, 33.8378f, 33.5261f, 33.2415f, 32.9848f, 32.7567f, 32.5576f, 32.3883f, 32.249f, 32.1403f, 32.0624f, 32.0156f, 32f, 32.0156f, 32.0624f, 32.1403f, 32.249f, 32.3883f, 32.5576f, 32.7567f, 32.9848f, 33.2415f, 33.5261f, 33.8378f, 34.176f, 34.5398f, 34.9285f, 35.3412f, 35.7771f, 36.2353f, 36.7151f, 37.2156f, 37.7359f, 38.2753f, 38.833f, 39.4081f, 40f, 40.6079f, 41.2311f, 41.8688f, 42.5206f, 43.1856f, 43.8634f, 44.5533f, 45.2548f  },
        { 44.5533f, 43.8406f, 43.1393f, 42.45f, 41.7732f, 41.1096f, 40.4599f, 39.8246f, 39.2046f, 38.6005f, 38.0132f, 37.4433f, 36.8917f, 36.3593f, 35.8469f, 35.3553f, 34.8855f, 34.4384f, 34.0147f, 33.6155f, 33.2415f, 32.8938f, 32.573f, 32.28f, 32.0156f, 31.7805f, 31.5753f, 31.4006f, 31.257f, 31.1448f, 31.0644f, 31.0161f, 31f, 31.0161f, 31.0644f, 31.1448f, 31.257f, 31.4006f, 31.5753f, 31.7805f, 32.0156f, 32.28f, 32.573f, 32.8938f, 33.2415f, 33.6155f, 34.0147f, 34.4384f, 34.8855f, 35.3553f, 35.8469f, 36.3593f, 36.8917f, 37.4433f, 38.0132f, 38.6005f, 39.2046f, 39.8246f, 40.4599f, 41.1096f, 41.7732f, 42.45f, 43.1393f, 43.8406f, 44.5533f  },
        { 43.8634f, 43.1393f, 42.4264f, 41.7253f, 41.0366f, 40.3609f, 39.6989f, 39.0512f, 38.4187f, 37.8021f, 37.2022f, 36.6197f, 36.0555f, 35.5106f, 34.9857f, 34.4819f, 34f, 33.541f, 33.1059f, 32.6956f, 32.311f, 31.9531f, 31.6228f, 31.3209f, 31.0483f, 30.8058f, 30.5941f, 30.4138f, 30.2655f, 30.1496f, 30.0666f, 30.0167f, 30f, 30.0167f, 30.0666f, 30.1496f, 30.2655f, 30.4138f, 30.5941f, 30.8058f, 31.0483f, 31.3209f, 31.6228f, 31.9531f, 32.311f, 32.6956f, 33.1059f, 33.541f, 34f, 34.4819f, 34.9857f, 35.5106f, 36.0555f, 36.6197f, 37.2022f, 37.8021f, 38.4187f, 39.0512f, 39.6989f, 40.3609f, 41.0366f, 41.7253f, 42.4264f, 43.1393f, 43.8634f  },
        { 43.1856f, 42.45f, 41.7253f, 41.0122f, 40.3113f, 39.6232f, 38.9487f, 38.2884f, 37.6431f, 37.0135f, 36.4006f, 35.805f, 35.2278f, 34.6699f, 34.1321f, 33.6155f, 33.121f, 32.6497f, 32.2025f, 31.7805f, 31.3847f, 31.0161f, 30.6757f, 30.3645f, 30.0832f, 29.8329f, 29.6142f, 29.4279f, 29.2746f, 29.1548f, 29.0689f, 29.0172f, 29f, 29.0172f, 29.0689f, 29.1548f, 29.2746f, 29.4279f, 29.6142f, 29.8329f, 30.0832f, 30.3645f, 30.6757f, 31.0161f, 31.3847f, 31.7805f, 32.2025f, 32.6497f, 33.121f, 33.6155f, 34.1321f, 34.6699f, 35.2278f, 35.805f, 36.4006f, 37.0135f, 37.6431f, 38.2884f, 38.9487f, 39.6232f, 40.3113f, 41.0122f, 41.7253f, 42.45f, 43.1856f  },
        { 42.5206f, 41.7732f, 41.0366f, 40.3113f, 39.598f, 38.8973f, 38.2099f, 37.5366f, 36.8782f, 36.2353f, 35.609f, 35f, 34.4093f, 33.8378f, 33.2866f, 32.7567f, 32.249f, 31.7648f, 31.305f, 30.8707f, 30.4631f, 30.0832f, 29.7321f, 29.4109f, 29.1204f, 28.8617f, 28.6356f, 28.4429f, 28.2843f, 28.1603f, 28.0713f, 28.0179f, 28f, 28.0179f, 28.0713f, 28.1603f, 28.2843f, 28.4429f, 28.6356f, 28.8617f, 29.1204f, 29.4109f, 29.7321f, 30.0832f, 30.4631f, 30.8707f, 31.305f, 31.7648f, 32.249f, 32.7567f, 33.2866f, 33.8378f, 34.4093f, 35f, 35.609f, 36.2353f, 36.8782f, 37.5366f, 38.2099f, 38.8973f, 39.598f, 40.3113f, 41.0366f, 41.7732f, 42.5206f },
        { 41.8688f, 41.1096f, 40.3609f, 39.6232f, 38.8973f, 38.1838f, 37.4833f, 36.7967f, 36.1248f, 35.4683f, 34.8281f, 34.2053f, 33.6006f, 33.0151f, 32.45f, 31.9061f, 31.3847f, 30.8869f, 30.4138f, 29.9666f, 29.5466f, 29.1548f, 28.7924f, 28.4605f, 28.1603f, 27.8927f, 27.6586f, 27.4591f, 27.2947f, 27.1662f, 27.074f, 27.0185f, 27f, 27.0185f, 27.074f, 27.1662f, 27.2947f, 27.4591f, 27.6586f, 27.8927f, 28.1603f, 28.4605f, 28.7924f, 29.1548f, 29.5466f, 29.9666f, 30.4138f, 30.8869f, 31.3847f, 31.9061f, 32.45f, 33.0151f, 33.6006f, 34.2053f, 34.8281f, 35.4683f, 36.1248f, 36.7967f, 37.4833f, 38.1838f, 38.8973f, 39.6232f, 40.3609f, 41.1096f, 41.8688f  },
        { 41.2311f, 40.4599f, 39.6989f, 38.9487f, 38.2099f, 37.4833f, 36.7696f, 36.0694f, 35.3836f, 34.7131f, 34.0588f, 33.4216f, 32.8024f, 32.2025f, 31.6228f, 31.0644f, 30.5287f, 30.0167f, 29.5296f, 29.0689f, 28.6356f, 28.2312f, 27.8568f, 27.5136f, 27.2029f, 26.9258f, 26.6833f, 26.4764f, 26.3059f, 26.1725f, 26.0768f, 26.0192f, 26f, 26.0192f, 26.0768f, 26.1725f, 26.3059f, 26.4764f, 26.6833f, 26.9258f, 27.2029f, 27.5136f, 27.8568f, 28.2312f, 28.6356f, 29.0689f, 29.5296f, 30.0167f, 30.5287f, 31.0644f, 31.6228f, 32.2025f, 32.8024f, 33.4216f, 34.0588f, 34.7131f, 35.3836f, 36.0694f, 36.7696f, 37.4833f, 38.2099f, 38.9487f, 39.6989f, 40.4599f, 41.2311f  },
        { 40.6079f, 39.8246f, 39.0512f, 38.2884f, 37.5366f, 36.7967f, 36.0694f, 35.3553f, 34.6554f, 33.9706f, 33.3017f, 32.6497f, 32.0156f, 31.4006f, 30.8058f, 30.2324f, 29.6816f, 29.1548f, 28.6531f, 28.178f, 27.7308f, 27.313f, 26.9258f, 26.5707f, 26.2488f, 25.9615f, 25.7099f, 25.4951f, 25.318f, 25.1794f, 25.0799f, 25.02f, 25f, 25.02f, 25.0799f, 25.1794f, 25.318f, 25.4951f, 25.7099f, 25.9615f, 26.2488f, 26.5707f, 26.9258f, 27.313f, 27.7308f, 28.178f, 28.6531f, 29.1548f, 29.6816f, 30.2324f, 30.8058f, 31.4006f, 32.0156f, 32.6497f, 33.3017f, 33.9706f, 34.6554f, 35.3553f, 36.0694f, 36.7967f, 37.5366f, 38.2884f, 39.0512f, 39.8246f, 40.6079f  },
        { 40f, 39.2046f, 38.4187f, 37.6431f, 36.8782f, 36.1248f, 35.3836f, 34.6554f, 33.9411f, 33.2415f, 32.5576f, 31.8904f, 31.241f, 30.6105f, 30f, 29.4109f, 28.8444f, 28.3019f, 27.7849f, 27.2947f, 26.8328f, 26.4008f, 26f, 25.632f, 25.2982f, 25f, 24.7386f, 24.5153f, 24.3311f, 24.1868f, 24.0832f, 24.0208f, 24f, 24.0208f, 24.0832f, 24.1868f, 24.3311f, 24.5153f, 24.7386f, 25f, 25.2982f, 25.632f, 26f, 26.4008f, 26.8328f, 27.2947f, 27.7849f, 28.3019f, 28.8444f, 29.4109f, 30f, 30.6105f, 31.241f, 31.8904f, 32.5576f, 33.2415f, 33.9411f, 34.6554f, 35.3836f, 36.1248f, 36.8782f, 37.6431f, 38.4187f, 39.2046f, 40f  },
        { 39.4081f, 38.6005f, 37.8021f, 37.0135f, 36.2353f, 35.4683f, 34.7131f, 33.9706f, 33.2415f, 32.5269f, 31.8277f, 31.1448f, 30.4795f, 29.8329f, 29.2062f, 28.6007f, 28.0179f, 27.4591f, 26.9258f, 26.4197f, 25.9422f, 25.4951f, 25.0799f, 24.6982f, 24.3516f, 24.0416f, 23.7697f, 23.5372f, 23.3452f, 23.1948f, 23.0868f, 23.0217f, 23f, 23.0217f, 23.0868f, 23.1948f, 23.3452f, 23.5372f, 23.7697f, 24.0416f, 24.3516f, 24.6982f, 25.0799f, 25.4951f, 25.9422f, 26.4197f, 26.9258f, 27.4591f, 28.0179f, 28.6007f, 29.2062f, 29.8329f, 30.4795f, 31.1448f, 31.8277f, 32.5269f, 33.2415f, 33.9706f, 34.7131f, 35.4683f, 36.2353f, 37.0135f, 37.8021f, 38.6005f, 39.4081f  },
        { 38.833f, 38.0132f, 37.2022f, 36.4006f, 35.609f, 34.8281f, 34.0588f, 33.3017f, 32.5576f, 31.8277f, 31.1127f, 30.4138f, 29.7321f, 29.0689f, 28.4253f, 27.8029f, 27.2029f, 26.6271f, 26.0768f, 25.5539f, 25.0599f, 24.5967f, 24.1661f, 23.7697f, 23.4094f, 23.0868f, 22.8035f, 22.561f, 22.3607f, 22.2036f, 22.0907f, 22.0227f, 22f, 22.0227f, 22.0907f, 22.2036f, 22.3607f, 22.561f, 22.8035f, 23.0868f, 23.4094f, 23.7697f, 24.1661f, 24.5967f, 25.0599f, 25.5539f, 26.0768f, 26.6271f, 27.2029f, 27.8029f, 28.4253f, 29.0689f, 29.7321f, 30.4138f, 31.1127f, 31.8277f, 32.5576f, 33.3017f, 34.0588f, 34.8281f, 35.609f, 36.4006f, 37.2022f, 38.0132f, 38.833f  },
        { 38.2753f, 37.4433f, 36.6197f, 35.805f, 35f, 34.2053f, 33.4216f, 32.6497f, 31.8904f, 31.1448f, 30.4138f, 29.6985f, 29f, 28.3196f, 27.6586f, 27.0185f, 26.4008f, 25.807f, 25.2389f, 24.6982f, 24.1868f, 23.7065f, 23.2594f, 22.8473f, 22.4722f, 22.1359f, 21.8403f, 21.587f, 21.3776f, 21.2132f, 21.095f, 21.0238f, 21f, 21.0238f, 21.095f, 21.2132f, 21.3776f, 21.587f, 21.8403f, 22.1359f, 22.4722f, 22.8473f, 23.2594f, 23.7065f, 24.1868f, 24.6982f, 25.2389f, 25.807f, 26.4008f, 27.0185f, 27.6586f, 28.3196f, 29f, 29.6985f, 30.4138f, 31.1448f, 31.8904f, 32.6497f, 33.4216f, 34.2053f, 35f, 35.805f, 36.6197f, 37.4433f, 38.2753f  },
        { 37.7359f, 36.8917f, 36.0555f, 35.2278f, 34.4093f, 33.6006f, 32.8024f, 32.0156f, 31.241f, 30.4795f, 29.7321f, 29f, 28.2843f, 27.5862f, 26.9072f, 26.2488f, 25.6125f, 25f, 24.4131f, 23.8537f, 23.3238f, 22.8254f, 22.3607f, 21.9317f, 21.5407f, 21.1896f, 20.8806f, 20.6155f, 20.3961f, 20.2237f, 20.0998f, 20.025f, 20f, 20.025f, 20.0998f, 20.2237f, 20.3961f, 20.6155f, 20.8806f, 21.1896f, 21.5407f, 21.9317f, 22.3607f, 22.8254f, 23.3238f, 23.8537f, 24.4131f, 25f, 25.6125f, 26.2488f, 26.9072f, 27.5862f, 28.2843f, 29f, 29.7321f, 30.4795f, 31.241f, 32.0156f, 32.8024f, 33.6006f, 34.4093f, 35.2278f, 36.0555f, 36.8917f, 37.7359f  },
        { 37.2156f, 36.3593f, 35.5106f, 34.6699f, 33.8378f, 33.0151f, 32.2025f, 31.4006f, 30.6105f, 29.8329f, 29.0689f, 28.3196f, 27.5862f, 26.8701f, 26.1725f, 25.4951f, 24.8395f, 24.2074f, 23.6008f, 23.0217f, 22.4722f, 21.9545f, 21.4709f, 21.0238f, 20.6155f, 20.2485f, 19.9249f, 19.6469f, 19.4165f, 19.2354f, 19.105f, 19.0263f, 19f, 19.0263f, 19.105f, 19.2354f, 19.4165f, 19.6469f, 19.9249f, 20.2485f, 20.6155f, 21.0238f, 21.4709f, 21.9545f, 22.4722f, 23.0217f, 23.6008f, 24.2074f, 24.8395f, 25.4951f, 26.1725f, 26.8701f, 27.5862f, 28.3196f, 29.0689f, 29.8329f, 30.6105f, 31.4006f, 32.2025f, 33.0151f, 33.8378f, 34.6699f, 35.5106f, 36.3593f, 37.2156f  },
        { 36.7151f, 35.8469f, 34.9857f, 34.1321f, 33.2866f, 32.45f, 31.6228f, 30.8058f, 30f, 29.2062f, 28.4253f, 27.6586f, 26.9072f, 26.1725f, 25.4558f, 24.7588f, 24.0832f, 23.4307f, 22.8035f, 22.2036f, 21.6333f, 21.095f, 20.5913f, 20.1246f, 19.6977f, 19.3132f, 18.9737f, 18.6815f, 18.4391f, 18.2483f, 18.1108f, 18.0278f, 18f, 18.0278f, 18.1108f, 18.2483f, 18.4391f, 18.6815f, 18.9737f, 19.3132f, 19.6977f, 20.1246f, 20.5913f, 21.095f, 21.6333f, 22.2036f, 22.8035f, 23.4307f, 24.0832f, 24.7588f, 25.4558f, 26.1725f, 26.9072f, 27.6586f, 28.4253f, 29.2062f, 30f, 30.8058f, 31.6228f, 32.45f, 33.2866f, 34.1321f, 34.9857f, 35.8469f, 36.7151f  },
        { 36.2353f, 35.3553f, 34.4819f, 33.6155f, 32.7567f, 31.9061f, 31.0644f, 30.2324f, 29.4109f, 28.6007f, 27.8029f, 27.0185f, 26.2488f, 25.4951f, 24.7588f, 24.0416f, 23.3452f, 22.6716f, 22.0227f, 21.4009f, 20.8087f, 20.2485f, 19.7231f, 19.2354f, 18.7883f, 18.3848f, 18.0278f, 17.72f, 17.4642f, 17.2627f, 17.1172f, 17.0294f, 17f, 17.0294f, 17.1172f, 17.2627f, 17.4642f, 17.72f, 18.0278f, 18.3848f, 18.7883f, 19.2354f, 19.7231f, 20.2485f, 20.8087f, 21.4009f, 22.0227f, 22.6716f, 23.3452f, 24.0416f, 24.7588f, 25.4951f, 26.2488f, 27.0185f, 27.8029f, 28.6007f, 29.4109f, 30.2324f, 31.0644f, 31.9061f, 32.7567f, 33.6155f, 34.4819f, 35.3553f, 36.2353f  },
        { 35.7771f, 34.8855f, 34f, 33.121f, 32.249f, 31.3847f, 30.5287f, 29.6816f, 28.8444f, 28.0179f, 27.2029f, 26.4008f, 25.6125f, 24.8395f, 24.0832f, 23.3452f, 22.6274f, 21.9317f, 21.2603f, 20.6155f, 20f, 19.4165f, 18.868f, 18.3576f, 17.8885f, 17.4642f, 17.088f, 16.7631f, 16.4924f, 16.2788f, 16.1245f, 16.0312f, 16f, 16.0312f, 16.1245f, 16.2788f, 16.4924f, 16.7631f, 17.088f, 17.4642f, 17.8885f, 18.3576f, 18.868f, 19.4165f, 20f, 20.6155f, 21.2603f, 21.9317f, 22.6274f, 23.3452f, 24.0832f, 24.8395f, 25.6125f, 26.4008f, 27.2029f, 28.0179f, 28.8444f, 29.6816f, 30.5287f, 31.3847f, 32.249f, 33.121f, 34f, 34.8855f, 35.7771f  },
        { 35.3412f, 34.4384f, 33.541f, 32.6497f, 31.7648f, 30.8869f, 30.0167f, 29.1548f, 28.3019f, 27.4591f, 26.6271f, 25.807f, 25f, 24.2074f, 23.4307f, 22.6716f, 21.9317f, 21.2132f, 20.5183f, 19.8494f, 19.2094f, 18.6011f, 18.0278f, 17.4929f, 17f, 16.5529f, 16.1555f, 15.8114f, 15.5242f, 15.2971f, 15.1327f, 15.0333f, 15f, 15.0333f, 15.1327f, 15.2971f, 15.5242f, 15.8114f, 16.1555f, 16.5529f, 17f, 17.4929f, 18.0278f, 18.6011f, 19.2094f, 19.8494f, 20.5183f, 21.2132f, 21.9317f, 22.6716f, 23.4307f, 24.2074f, 25f, 25.807f, 26.6271f, 27.4591f, 28.3019f, 29.1548f, 30.0167f, 30.8869f, 31.7648f, 32.6497f, 33.541f, 34.4384f, 35.3412f  },
        { 34.9285f, 34.0147f, 33.1059f, 32.2025f, 31.305f, 30.4138f, 29.5296f, 28.6531f, 27.7849f, 26.9258f, 26.0768f, 25.2389f, 24.4131f, 23.6008f, 22.8035f, 22.0227f, 21.2603f, 20.5183f, 19.799f, 19.105f, 18.4391f, 17.8045f, 17.2047f, 16.6433f, 16.1245f, 15.6525f, 15.2315f, 14.8661f, 14.5602f, 14.3178f, 14.1421f, 14.0357f, 14f, 14.0357f, 14.1421f, 14.3178f, 14.5602f, 14.8661f, 15.2315f, 15.6525f, 16.1245f, 16.6433f, 17.2047f, 17.8045f, 18.4391f, 19.105f, 19.799f, 20.5183f, 21.2603f, 22.0227f, 22.8035f, 23.6008f, 24.4131f, 25.2389f, 26.0768f, 26.9258f, 27.7849f, 28.6531f, 29.5296f, 30.4138f, 31.305f, 32.2025f, 33.1059f, 34.0147f, 34.9285f  },
        { 34.5398f, 33.6155f, 32.6956f, 31.7805f, 30.8707f, 29.9666f, 29.0689f, 28.178f, 27.2947f, 26.4197f, 25.5539f, 24.6982f, 23.8537f, 23.0217f, 22.2036f, 21.4009f, 20.6155f, 19.8494f, 19.105f, 18.3848f, 17.6918f, 17.0294f, 16.4012f, 15.8114f, 15.2643f, 14.7648f, 14.3178f, 13.9284f, 13.6015f, 13.3417f, 13.1529f, 13.0384f, 13f, 13.0384f, 13.1529f, 13.3417f, 13.6015f, 13.9284f, 14.3178f, 14.7648f, 15.2643f, 15.8114f, 16.4012f, 17.0294f, 17.6918f, 18.3848f, 19.105f, 19.8494f, 20.6155f, 21.4009f, 22.2036f, 23.0217f, 23.8537f, 24.6982f, 25.5539f, 26.4197f, 27.2947f, 28.178f, 29.0689f, 29.9666f, 30.8707f, 31.7805f, 32.6956f, 33.6155f, 34.5398f  },
        { 34.176f, 33.2415f, 32.311f, 31.3847f, 30.4631f, 29.5466f, 28.6356f, 27.7308f, 26.8328f, 25.9422f, 25.0599f, 24.1868f, 23.3238f, 22.4722f, 21.6333f, 20.8087f, 20f, 19.2094f, 18.4391f, 17.6918f, 16.9706f, 16.2788f, 15.6205f, 15f, 14.4222f, 13.8924f, 13.4164f, 13f, 12.6491f, 12.3693f, 12.1655f, 12.0416f, 12f, 12.0416f, 12.1655f, 12.3693f, 12.6491f, 13f, 13.4164f, 13.8924f, 14.4222f, 15f, 15.6205f, 16.2788f, 16.9706f, 17.6918f, 18.4391f, 19.2094f, 20f, 20.8087f, 21.6333f, 22.4722f, 23.3238f, 24.1868f, 25.0599f, 25.9422f, 26.8328f, 27.7308f, 28.6356f, 29.5466f, 30.4631f, 31.3847f, 32.311f, 33.2415f, 34.176f  },
        { 33.8378f, 32.8938f, 31.9531f, 31.0161f, 30.0832f, 29.1548f, 28.2312f, 27.313f, 26.4008f, 25.4951f, 24.5967f, 23.7065f, 22.8254f, 21.9545f, 21.095f, 20.2485f, 19.4165f, 18.6011f, 17.8045f, 17.0294f, 16.2788f, 15.5563f, 14.8661f, 14.2127f, 13.6015f, 13.0384f, 12.53f, 12.083f, 11.7047f, 11.4018f, 11.1803f, 11.0454f, 11f, 11.0454f, 11.1803f, 11.4018f, 11.7047f, 12.083f, 12.53f, 13.0384f, 13.6015f, 14.2127f, 14.8661f, 15.5563f, 16.2788f, 17.0294f, 17.8045f, 18.6011f, 19.4165f, 20.2485f, 21.095f, 21.9545f, 22.8254f, 23.7065f, 24.5967f, 25.4951f, 26.4008f, 27.313f, 28.2312f, 29.1548f, 30.0832f, 31.0161f, 31.9531f, 32.8938f, 33.8378f  },
        { 33.5261f, 32.573f, 31.6228f, 30.6757f, 29.7321f, 28.7924f, 27.8568f, 26.9258f, 26f, 25.0799f, 24.1661f, 23.2594f, 22.3607f, 21.4709f, 20.5913f, 19.7231f, 18.868f, 18.0278f, 17.2047f, 16.4012f, 15.6205f, 14.8661f, 14.1421f, 13.4536f, 12.8062f, 12.2066f, 11.6619f, 11.1803f, 10.7703f, 10.4403f, 10.198f, 10.0499f, 10f, 10.0499f, 10.198f, 10.4403f, 10.7703f, 11.1803f, 11.6619f, 12.2066f, 12.8062f, 13.4536f, 14.1421f, 14.8661f, 15.6205f, 16.4012f, 17.2047f, 18.0278f, 18.868f, 19.7231f, 20.5913f, 21.4709f, 22.3607f, 23.2594f, 24.1661f, 25.0799f, 26f, 26.9258f, 27.8568f, 28.7924f, 29.7321f, 30.6757f, 31.6228f, 32.573f, 33.5261f  },
        { 33.2415f, 32.28f, 31.3209f, 30.3645f, 29.4109f, 28.4605f, 27.5136f, 26.5707f, 25.632f, 24.6982f, 23.7697f, 22.8473f, 21.9317f, 21.0238f, 20.1246f, 19.2354f, 18.3576f, 17.4929f, 16.6433f, 15.8114f, 15f, 14.2127f, 13.4536f, 12.7279f, 12.0416f, 11.4018f, 10.8167f, 10.2956f, 9.84886f, 9.48683f, 9.21954f, 9.05539f, 9f, 9.05539f, 9.21954f, 9.48683f, 9.84886f, 10.2956f, 10.8167f, 11.4018f, 12.0416f, 12.7279f, 13.4536f, 14.2127f, 15f, 15.8114f, 16.6433f, 17.4929f, 18.3576f, 19.2354f, 20.1246f, 21.0238f, 21.9317f, 22.8473f, 23.7697f, 24.6982f, 25.632f, 26.5707f, 27.5136f, 28.4605f, 29.4109f, 30.3645f, 31.3209f, 32.28f, 33.2415f  },
        { 32.9848f, 32.0156f, 31.0483f, 30.0832f, 29.1204f, 28.1603f, 27.2029f, 26.2488f, 25.2982f, 24.3516f, 23.4094f, 22.4722f, 21.5407f, 20.6155f, 19.6977f, 18.7883f, 17.8885f, 17f, 16.1245f, 15.2643f, 14.4222f, 13.6015f, 12.8062f, 12.0416f, 11.3137f, 10.6301f, 10f, 9.43398f, 8.94427f, 8.544f, 8.24621f, 8.06226f, 8f, 8.06226f, 8.24621f, 8.544f, 8.94427f, 9.43398f, 10f, 10.6301f, 11.3137f, 12.0416f, 12.8062f, 13.6015f, 14.4222f, 15.2643f, 16.1245f, 17f, 17.8885f, 18.7883f, 19.6977f, 20.6155f, 21.5407f, 22.4722f, 23.4094f, 24.3516f, 25.2982f, 26.2488f, 27.2029f, 28.1603f, 29.1204f, 30.0832f, 31.0483f, 32.0156f, 32.9848f  },
        { 32.7567f, 31.7805f, 30.8058f, 29.8329f, 28.8617f, 27.8927f, 26.9258f, 25.9615f, 25f, 24.0416f, 23.0868f, 22.1359f, 21.1896f, 20.2485f, 19.3132f, 18.3848f, 17.4642f, 16.5529f, 15.6525f, 14.7648f, 13.8924f, 13.0384f, 12.2066f, 11.4018f, 10.6301f, 9.8995f, 9.21954f, 8.60233f, 8.06226f, 7.61577f, 7.28011f, 7.07107f, 7f, 7.07107f, 7.28011f, 7.61577f, 8.06226f, 8.60233f, 9.21954f, 9.8995f, 10.6301f, 11.4018f, 12.2066f, 13.0384f, 13.8924f, 14.7648f, 15.6525f, 16.5529f, 17.4642f, 18.3848f, 19.3132f, 20.2485f, 21.1896f, 22.1359f, 23.0868f, 24.0416f, 25f, 25.9615f, 26.9258f, 27.8927f, 28.8617f, 29.8329f, 30.8058f, 31.7805f, 32.7567f  },
        { 32.5576f, 31.5753f, 30.5941f, 29.6142f, 28.6356f, 27.6586f, 26.6833f, 25.7099f, 24.7386f, 23.7697f, 22.8035f, 21.8403f, 20.8806f, 19.9249f, 18.9737f, 18.0278f, 17.088f, 16.1555f, 15.2315f, 14.3178f, 13.4164f, 12.53f, 11.6619f, 10.8167f, 10f, 9.21954f, 8.48528f, 7.81025f, 7.2111f, 6.7082f, 6.32456f, 6.08276f, 6f, 6.08276f, 6.32456f, 6.7082f, 7.2111f, 7.81025f, 8.48528f, 9.21954f, 10f, 10.8167f, 11.6619f, 12.53f, 13.4164f, 14.3178f, 15.2315f, 16.1555f, 17.088f, 18.0278f, 18.9737f, 19.9249f, 20.8806f, 21.8403f, 22.8035f, 23.7697f, 24.7386f, 25.7099f, 26.6833f, 27.6586f, 28.6356f, 29.6142f, 30.5941f, 31.5753f, 32.5576f  },
        { 32.3883f, 31.4006f, 30.4138f, 29.4279f, 28.4429f, 27.4591f, 26.4764f, 25.4951f, 24.5153f, 23.5372f, 22.561f, 21.587f, 20.6155f, 19.6469f, 18.6815f, 17.72f, 16.7631f, 15.8114f, 14.8661f, 13.9284f, 13f, 12.083f, 11.1803f, 10.2956f, 9.43398f, 8.60233f, 7.81025f, 7.07107f, 6.40312f, 5.83095f, 5.38516f, 5.09902f, 5f, 5.09902f, 5.38516f, 5.83095f, 6.40312f, 7.07107f, 7.81025f, 8.60233f, 9.43398f, 10.2956f, 11.1803f, 12.083f, 13f, 13.9284f, 14.8661f, 15.8114f, 16.7631f, 17.72f, 18.6815f, 19.6469f, 20.6155f, 21.587f, 22.561f, 23.5372f, 24.5153f, 25.4951f, 26.4764f, 27.4591f, 28.4429f, 29.4279f, 30.4138f, 31.4006f, 32.3883f  },
        { 32.249f, 31.257f, 30.2655f, 29.2746f, 28.2843f, 27.2947f, 26.3059f, 25.318f, 24.3311f, 23.3452f, 22.3607f, 21.3776f, 20.3961f, 19.4165f, 18.4391f, 17.4642f, 16.4924f, 15.5242f, 14.5602f, 13.6015f, 12.6491f, 11.7047f, 10.7703f, 9.84886f, 8.94427f, 8.06226f, 7.2111f, 6.40312f, 5.65685f, 5f, 4.47214f, 4.12311f, 4f, 4.12311f, 4.47214f, 5f, 5.65685f, 6.40312f, 7.2111f, 8.06226f, 8.94427f, 9.84886f, 10.7703f, 11.7047f, 12.6491f, 13.6015f, 14.5602f, 15.5242f, 16.4924f, 17.4642f, 18.4391f, 19.4165f, 20.3961f, 21.3776f, 22.3607f, 23.3452f, 24.3311f, 25.318f, 26.3059f, 27.2947f, 28.2843f, 29.2746f, 30.2655f, 31.257f, 32.249f  },
        { 32.1403f, 31.1448f, 30.1496f, 29.1548f, 28.1603f, 27.1662f, 26.1725f, 25.1794f, 24.1868f, 23.1948f, 22.2036f, 21.2132f, 20.2237f, 19.2354f, 18.2483f, 17.2627f, 16.2788f, 15.2971f, 14.3178f, 13.3417f, 12.3693f, 11.4018f, 10.4403f, 9.48683f, 8.544f, 7.61577f, 6.7082f, 5.83095f, 5f, 4.24264f, 3.60555f, 3.16228f, 3f, 3.16228f, 3.60555f, 4.24264f, 5f, 5.83095f, 6.7082f, 7.61577f, 8.544f, 9.48683f, 10.4403f, 11.4018f, 12.3693f, 13.3417f, 14.3178f, 15.2971f, 16.2788f, 17.2627f, 18.2483f, 19.2354f, 20.2237f, 21.2132f, 22.2036f, 23.1948f, 24.1868f, 25.1794f, 26.1725f, 27.1662f, 28.1603f, 29.1548f, 30.1496f, 31.1448f, 32.1403f  },
        { 32.0624f, 31.0644f, 30.0666f, 29.0689f, 28.0713f, 27.074f, 26.0768f, 25.0799f, 24.0832f, 23.0868f, 22.0907f, 21.095f, 20.0998f, 19.105f, 18.1108f, 17.1172f, 16.1245f, 15.1327f, 14.1421f, 13.1529f, 12.1655f, 11.1803f, 10.198f, 9.21954f, 8.24621f, 7.28011f, 6.32456f, 5.38516f, 4.47214f, 3.60555f, 2.82843f, 2.23607f, 2f, 2.23607f, 2.82843f, 3.60555f, 4.47214f, 5.38516f, 6.32456f, 7.28011f, 8.24621f, 9.21954f, 10.198f, 11.1803f, 12.1655f, 13.1529f, 14.1421f, 15.1327f, 16.1245f, 17.1172f, 18.1108f, 19.105f, 20.0998f, 21.095f, 22.0907f, 23.0868f, 24.0832f, 25.0799f, 26.0768f, 27.074f, 28.0713f, 29.0689f, 30.0666f, 31.0644f, 32.0624f  },
        { 32.0156f, 31.0161f, 30.0167f, 29.0172f, 28.0179f, 27.0185f, 26.0192f, 25.02f, 24.0208f, 23.0217f, 22.0227f, 21.0238f, 20.025f, 19.0263f, 18.0278f, 17.0294f, 16.0312f, 15.0333f, 14.0357f, 13.0384f, 12.0416f, 11.0454f, 10.0499f, 9.05539f, 8.06226f, 7.07107f, 6.08276f, 5.09902f, 4.12311f, 3.16228f, 2.23607f, 1.41421f, 1f, 1.41421f, 2.23607f, 3.16228f, 4.12311f, 5.09902f, 6.08276f, 7.07107f, 8.06226f, 9.05539f, 10.0499f, 11.0454f, 12.0416f, 13.0384f, 14.0357f, 15.0333f, 16.0312f, 17.0294f, 18.0278f, 19.0263f, 20.025f, 21.0238f, 22.0227f, 23.0217f, 24.0208f, 25.02f, 26.0192f, 27.0185f, 28.0179f, 29.0172f, 30.0167f, 31.0161f, 32.0156f  },
        { 32f, 31f, 30f, 29f, 28f, 27f, 26f, 25f, 24f, 23f, 22f, 21f, 20f, 19f, 18f, 17f, 16f, 15f, 14f, 13f, 12f, 11f, 10f, 9f, 8f, 7f, 6f, 5f, 4f, 3f, 2f, 1f, 0f, 1f, 2f, 3f, 4f, 5f, 6f, 7f, 8f, 9f, 10f, 11f, 12f, 13f, 14f, 15f, 16f, 17f, 18f, 19f, 20f, 21f, 22f, 23f, 24f, 25f, 26f, 27f, 28f, 29f, 30f, 31f, 32f,  },
        { 32.0156f, 31.0161f, 30.0167f, 29.0172f, 28.0179f, 27.0185f, 26.0192f, 25.02f, 24.0208f, 23.0217f, 22.0227f, 21.0238f, 20.025f, 19.0263f, 18.0278f, 17.0294f, 16.0312f, 15.0333f, 14.0357f, 13.0384f, 12.0416f, 11.0454f, 10.0499f, 9.05539f, 8.06226f, 7.07107f, 6.08276f, 5.09902f, 4.12311f, 3.16228f, 2.23607f, 1.41421f, 1f, 1.41421f, 2.23607f, 3.16228f, 4.12311f, 5.09902f, 6.08276f, 7.07107f, 8.06226f, 9.05539f, 10.0499f, 11.0454f, 12.0416f, 13.0384f, 14.0357f, 15.0333f, 16.0312f, 17.0294f, 18.0278f, 19.0263f, 20.025f, 21.0238f, 22.0227f, 23.0217f, 24.0208f, 25.02f, 26.0192f, 27.0185f, 28.0179f, 29.0172f, 30.0167f, 31.0161f, 32.0156f  },
        { 32.0624f, 31.0644f, 30.0666f, 29.0689f, 28.0713f, 27.074f, 26.0768f, 25.0799f, 24.0832f, 23.0868f, 22.0907f, 21.095f, 20.0998f, 19.105f, 18.1108f, 17.1172f, 16.1245f, 15.1327f, 14.1421f, 13.1529f, 12.1655f, 11.1803f, 10.198f, 9.21954f, 8.24621f, 7.28011f, 6.32456f, 5.38516f, 4.47214f, 3.60555f, 2.82843f, 2.23607f, 2f, 2.23607f, 2.82843f, 3.60555f, 4.47214f, 5.38516f, 6.32456f, 7.28011f, 8.24621f, 9.21954f, 10.198f, 11.1803f, 12.1655f, 13.1529f, 14.1421f, 15.1327f, 16.1245f, 17.1172f, 18.1108f, 19.105f, 20.0998f, 21.095f, 22.0907f, 23.0868f, 24.0832f, 25.0799f, 26.0768f, 27.074f, 28.0713f, 29.0689f, 30.0666f, 31.0644f, 32.0624f  },
        { 32.1403f, 31.1448f, 30.1496f, 29.1548f, 28.1603f, 27.1662f, 26.1725f, 25.1794f, 24.1868f, 23.1948f, 22.2036f, 21.2132f, 20.2237f, 19.2354f, 18.2483f, 17.2627f, 16.2788f, 15.2971f, 14.3178f, 13.3417f, 12.3693f, 11.4018f, 10.4403f, 9.48683f, 8.544f, 7.61577f, 6.7082f, 5.83095f, 5f, 4.24264f, 3.60555f, 3.16228f, 3f, 3.16228f, 3.60555f, 4.24264f, 5f, 5.83095f, 6.7082f, 7.61577f, 8.544f, 9.48683f, 10.4403f, 11.4018f, 12.3693f, 13.3417f, 14.3178f, 15.2971f, 16.2788f, 17.2627f, 18.2483f, 19.2354f, 20.2237f, 21.2132f, 22.2036f, 23.1948f, 24.1868f, 25.1794f, 26.1725f, 27.1662f, 28.1603f, 29.1548f, 30.1496f, 31.1448f, 32.1403f  },
        { 32.249f, 31.257f, 30.2655f, 29.2746f, 28.2843f, 27.2947f, 26.3059f, 25.318f, 24.3311f, 23.3452f, 22.3607f, 21.3776f, 20.3961f, 19.4165f, 18.4391f, 17.4642f, 16.4924f, 15.5242f, 14.5602f, 13.6015f, 12.6491f, 11.7047f, 10.7703f, 9.84886f, 8.94427f, 8.06226f, 7.2111f, 6.40312f, 5.65685f, 5f, 4.47214f, 4.12311f, 4f, 4.12311f, 4.47214f, 5f, 5.65685f, 6.40312f, 7.2111f, 8.06226f, 8.94427f, 9.84886f, 10.7703f, 11.7047f, 12.6491f, 13.6015f, 14.5602f, 15.5242f, 16.4924f, 17.4642f, 18.4391f, 19.4165f, 20.3961f, 21.3776f, 22.3607f, 23.3452f, 24.3311f, 25.318f, 26.3059f, 27.2947f, 28.2843f, 29.2746f, 30.2655f, 31.257f, 32.249f  },
        { 32.3883f, 31.4006f, 30.4138f, 29.4279f, 28.4429f, 27.4591f, 26.4764f, 25.4951f, 24.5153f, 23.5372f, 22.561f, 21.587f, 20.6155f, 19.6469f, 18.6815f, 17.72f, 16.7631f, 15.8114f, 14.8661f, 13.9284f, 13f, 12.083f, 11.1803f, 10.2956f, 9.43398f, 8.60233f, 7.81025f, 7.07107f, 6.40312f, 5.83095f, 5.38516f, 5.09902f, 5f, 5.09902f, 5.38516f, 5.83095f, 6.40312f, 7.07107f, 7.81025f, 8.60233f, 9.43398f, 10.2956f, 11.1803f, 12.083f, 13f, 13.9284f, 14.8661f, 15.8114f, 16.7631f, 17.72f, 18.6815f, 19.6469f, 20.6155f, 21.587f, 22.561f, 23.5372f, 24.5153f, 25.4951f, 26.4764f, 27.4591f, 28.4429f, 29.4279f, 30.4138f, 31.4006f, 32.3883f  },
        { 32.5576f, 31.5753f, 30.5941f, 29.6142f, 28.6356f, 27.6586f, 26.6833f, 25.7099f, 24.7386f, 23.7697f, 22.8035f, 21.8403f, 20.8806f, 19.9249f, 18.9737f, 18.0278f, 17.088f, 16.1555f, 15.2315f, 14.3178f, 13.4164f, 12.53f, 11.6619f, 10.8167f, 10f, 9.21954f, 8.48528f, 7.81025f, 7.2111f, 6.7082f, 6.32456f, 6.08276f, 6f, 6.08276f, 6.32456f, 6.7082f, 7.2111f, 7.81025f, 8.48528f, 9.21954f, 10f, 10.8167f, 11.6619f, 12.53f, 13.4164f, 14.3178f, 15.2315f, 16.1555f, 17.088f, 18.0278f, 18.9737f, 19.9249f, 20.8806f, 21.8403f, 22.8035f, 23.7697f, 24.7386f, 25.7099f, 26.6833f, 27.6586f, 28.6356f, 29.6142f, 30.5941f, 31.5753f, 32.5576f  },
        { 32.7567f, 31.7805f, 30.8058f, 29.8329f, 28.8617f, 27.8927f, 26.9258f, 25.9615f, 25f, 24.0416f, 23.0868f, 22.1359f, 21.1896f, 20.2485f, 19.3132f, 18.3848f, 17.4642f, 16.5529f, 15.6525f, 14.7648f, 13.8924f, 13.0384f, 12.2066f, 11.4018f, 10.6301f, 9.8995f, 9.21954f, 8.60233f, 8.06226f, 7.61577f, 7.28011f, 7.07107f, 7f, 7.07107f, 7.28011f, 7.61577f, 8.06226f, 8.60233f, 9.21954f, 9.8995f, 10.6301f, 11.4018f, 12.2066f, 13.0384f, 13.8924f, 14.7648f, 15.6525f, 16.5529f, 17.4642f, 18.3848f, 19.3132f, 20.2485f, 21.1896f, 22.1359f, 23.0868f, 24.0416f, 25f, 25.9615f, 26.9258f, 27.8927f, 28.8617f, 29.8329f, 30.8058f, 31.7805f, 32.7567f  },
        { 32.9848f, 32.0156f, 31.0483f, 30.0832f, 29.1204f, 28.1603f, 27.2029f, 26.2488f, 25.2982f, 24.3516f, 23.4094f, 22.4722f, 21.5407f, 20.6155f, 19.6977f, 18.7883f, 17.8885f, 17f, 16.1245f, 15.2643f, 14.4222f, 13.6015f, 12.8062f, 12.0416f, 11.3137f, 10.6301f, 10f, 9.43398f, 8.94427f, 8.544f, 8.24621f, 8.06226f, 8f, 8.06226f, 8.24621f, 8.544f, 8.94427f, 9.43398f, 10f, 10.6301f, 11.3137f, 12.0416f, 12.8062f, 13.6015f, 14.4222f, 15.2643f, 16.1245f, 17f, 17.8885f, 18.7883f, 19.6977f, 20.6155f, 21.5407f, 22.4722f, 23.4094f, 24.3516f, 25.2982f, 26.2488f, 27.2029f, 28.1603f, 29.1204f, 30.0832f, 31.0483f, 32.0156f, 32.9848f  },
        { 33.2415f, 32.28f, 31.3209f, 30.3645f, 29.4109f, 28.4605f, 27.5136f, 26.5707f, 25.632f, 24.6982f, 23.7697f, 22.8473f, 21.9317f, 21.0238f, 20.1246f, 19.2354f, 18.3576f, 17.4929f, 16.6433f, 15.8114f, 15f, 14.2127f, 13.4536f, 12.7279f, 12.0416f, 11.4018f, 10.8167f, 10.2956f, 9.84886f, 9.48683f, 9.21954f, 9.05539f, 9f, 9.05539f, 9.21954f, 9.48683f, 9.84886f, 10.2956f, 10.8167f, 11.4018f, 12.0416f, 12.7279f, 13.4536f, 14.2127f, 15f, 15.8114f, 16.6433f, 17.4929f, 18.3576f, 19.2354f, 20.1246f, 21.0238f, 21.9317f, 22.8473f, 23.7697f, 24.6982f, 25.632f, 26.5707f, 27.5136f, 28.4605f, 29.4109f, 30.3645f, 31.3209f, 32.28f, 33.2415f  },
        { 33.5261f, 32.573f, 31.6228f, 30.6757f, 29.7321f, 28.7924f, 27.8568f, 26.9258f, 26f, 25.0799f, 24.1661f, 23.2594f, 22.3607f, 21.4709f, 20.5913f, 19.7231f, 18.868f, 18.0278f, 17.2047f, 16.4012f, 15.6205f, 14.8661f, 14.1421f, 13.4536f, 12.8062f, 12.2066f, 11.6619f, 11.1803f, 10.7703f, 10.4403f, 10.198f, 10.0499f, 10f, 10.0499f, 10.198f, 10.4403f, 10.7703f, 11.1803f, 11.6619f, 12.2066f, 12.8062f, 13.4536f, 14.1421f, 14.8661f, 15.6205f, 16.4012f, 17.2047f, 18.0278f, 18.868f, 19.7231f, 20.5913f, 21.4709f, 22.3607f, 23.2594f, 24.1661f, 25.0799f, 26f, 26.9258f, 27.8568f, 28.7924f, 29.7321f, 30.6757f, 31.6228f, 32.573f, 33.5261f  },
        { 33.8378f, 32.8938f, 31.9531f, 31.0161f, 30.0832f, 29.1548f, 28.2312f, 27.313f, 26.4008f, 25.4951f, 24.5967f, 23.7065f, 22.8254f, 21.9545f, 21.095f, 20.2485f, 19.4165f, 18.6011f, 17.8045f, 17.0294f, 16.2788f, 15.5563f, 14.8661f, 14.2127f, 13.6015f, 13.0384f, 12.53f, 12.083f, 11.7047f, 11.4018f, 11.1803f, 11.0454f, 11f, 11.0454f, 11.1803f, 11.4018f, 11.7047f, 12.083f, 12.53f, 13.0384f, 13.6015f, 14.2127f, 14.8661f, 15.5563f, 16.2788f, 17.0294f, 17.8045f, 18.6011f, 19.4165f, 20.2485f, 21.095f, 21.9545f, 22.8254f, 23.7065f, 24.5967f, 25.4951f, 26.4008f, 27.313f, 28.2312f, 29.1548f, 30.0832f, 31.0161f, 31.9531f, 32.8938f, 33.8378f  },
        { 34.176f, 33.2415f, 32.311f, 31.3847f, 30.4631f, 29.5466f, 28.6356f, 27.7308f, 26.8328f, 25.9422f, 25.0599f, 24.1868f, 23.3238f, 22.4722f, 21.6333f, 20.8087f, 20f, 19.2094f, 18.4391f, 17.6918f, 16.9706f, 16.2788f, 15.6205f, 15f, 14.4222f, 13.8924f, 13.4164f, 13f, 12.6491f, 12.3693f, 12.1655f, 12.0416f, 12f, 12.0416f, 12.1655f, 12.3693f, 12.6491f, 13f, 13.4164f, 13.8924f, 14.4222f, 15f, 15.6205f, 16.2788f, 16.9706f, 17.6918f, 18.4391f, 19.2094f, 20f, 20.8087f, 21.6333f, 22.4722f, 23.3238f, 24.1868f, 25.0599f, 25.9422f, 26.8328f, 27.7308f, 28.6356f, 29.5466f, 30.4631f, 31.3847f, 32.311f, 33.2415f, 34.176f  },
        { 34.5398f, 33.6155f, 32.6956f, 31.7805f, 30.8707f, 29.9666f, 29.0689f, 28.178f, 27.2947f, 26.4197f, 25.5539f, 24.6982f, 23.8537f, 23.0217f, 22.2036f, 21.4009f, 20.6155f, 19.8494f, 19.105f, 18.3848f, 17.6918f, 17.0294f, 16.4012f, 15.8114f, 15.2643f, 14.7648f, 14.3178f, 13.9284f, 13.6015f, 13.3417f, 13.1529f, 13.0384f, 13f, 13.0384f, 13.1529f, 13.3417f, 13.6015f, 13.9284f, 14.3178f, 14.7648f, 15.2643f, 15.8114f, 16.4012f, 17.0294f, 17.6918f, 18.3848f, 19.105f, 19.8494f, 20.6155f, 21.4009f, 22.2036f, 23.0217f, 23.8537f, 24.6982f, 25.5539f, 26.4197f, 27.2947f, 28.178f, 29.0689f, 29.9666f, 30.8707f, 31.7805f, 32.6956f, 33.6155f, 34.5398f  },
        { 34.9285f, 34.0147f, 33.1059f, 32.2025f, 31.305f, 30.4138f, 29.5296f, 28.6531f, 27.7849f, 26.9258f, 26.0768f, 25.2389f, 24.4131f, 23.6008f, 22.8035f, 22.0227f, 21.2603f, 20.5183f, 19.799f, 19.105f, 18.4391f, 17.8045f, 17.2047f, 16.6433f, 16.1245f, 15.6525f, 15.2315f, 14.8661f, 14.5602f, 14.3178f, 14.1421f, 14.0357f, 14f, 14.0357f, 14.1421f, 14.3178f, 14.5602f, 14.8661f, 15.2315f, 15.6525f, 16.1245f, 16.6433f, 17.2047f, 17.8045f, 18.4391f, 19.105f, 19.799f, 20.5183f, 21.2603f, 22.0227f, 22.8035f, 23.6008f, 24.4131f, 25.2389f, 26.0768f, 26.9258f, 27.7849f, 28.6531f, 29.5296f, 30.4138f, 31.305f, 32.2025f, 33.1059f, 34.0147f, 34.9285f  },
        { 35.3412f, 34.4384f, 33.541f, 32.6497f, 31.7648f, 30.8869f, 30.0167f, 29.1548f, 28.3019f, 27.4591f, 26.6271f, 25.807f, 25f, 24.2074f, 23.4307f, 22.6716f, 21.9317f, 21.2132f, 20.5183f, 19.8494f, 19.2094f, 18.6011f, 18.0278f, 17.4929f, 17f, 16.5529f, 16.1555f, 15.8114f, 15.5242f, 15.2971f, 15.1327f, 15.0333f, 15f, 15.0333f, 15.1327f, 15.2971f, 15.5242f, 15.8114f, 16.1555f, 16.5529f, 17f, 17.4929f, 18.0278f, 18.6011f, 19.2094f, 19.8494f, 20.5183f, 21.2132f, 21.9317f, 22.6716f, 23.4307f, 24.2074f, 25f, 25.807f, 26.6271f, 27.4591f, 28.3019f, 29.1548f, 30.0167f, 30.8869f, 31.7648f, 32.6497f, 33.541f, 34.4384f, 35.3412f  },
        { 35.7771f, 34.8855f, 34f, 33.121f, 32.249f, 31.3847f, 30.5287f, 29.6816f, 28.8444f, 28.0179f, 27.2029f, 26.4008f, 25.6125f, 24.8395f, 24.0832f, 23.3452f, 22.6274f, 21.9317f, 21.2603f, 20.6155f, 20f, 19.4165f, 18.868f, 18.3576f, 17.8885f, 17.4642f, 17.088f, 16.7631f, 16.4924f, 16.2788f, 16.1245f, 16.0312f, 16f, 16.0312f, 16.1245f, 16.2788f, 16.4924f, 16.7631f, 17.088f, 17.4642f, 17.8885f, 18.3576f, 18.868f, 19.4165f, 20f, 20.6155f, 21.2603f, 21.9317f, 22.6274f, 23.3452f, 24.0832f, 24.8395f, 25.6125f, 26.4008f, 27.2029f, 28.0179f, 28.8444f, 29.6816f, 30.5287f, 31.3847f, 32.249f, 33.121f, 34f, 34.8855f, 35.7771f  },
        { 36.2353f, 35.3553f, 34.4819f, 33.6155f, 32.7567f, 31.9061f, 31.0644f, 30.2324f, 29.4109f, 28.6007f, 27.8029f, 27.0185f, 26.2488f, 25.4951f, 24.7588f, 24.0416f, 23.3452f, 22.6716f, 22.0227f, 21.4009f, 20.8087f, 20.2485f, 19.7231f, 19.2354f, 18.7883f, 18.3848f, 18.0278f, 17.72f, 17.4642f, 17.2627f, 17.1172f, 17.0294f, 17f, 17.0294f, 17.1172f, 17.2627f, 17.4642f, 17.72f, 18.0278f, 18.3848f, 18.7883f, 19.2354f, 19.7231f, 20.2485f, 20.8087f, 21.4009f, 22.0227f, 22.6716f, 23.3452f, 24.0416f, 24.7588f, 25.4951f, 26.2488f, 27.0185f, 27.8029f, 28.6007f, 29.4109f, 30.2324f, 31.0644f, 31.9061f, 32.7567f, 33.6155f, 34.4819f, 35.3553f, 36.2353f  },
        { 36.7151f, 35.8469f, 34.9857f, 34.1321f, 33.2866f, 32.45f, 31.6228f, 30.8058f, 30f, 29.2062f, 28.4253f, 27.6586f, 26.9072f, 26.1725f, 25.4558f, 24.7588f, 24.0832f, 23.4307f, 22.8035f, 22.2036f, 21.6333f, 21.095f, 20.5913f, 20.1246f, 19.6977f, 19.3132f, 18.9737f, 18.6815f, 18.4391f, 18.2483f, 18.1108f, 18.0278f, 18f, 18.0278f, 18.1108f, 18.2483f, 18.4391f, 18.6815f, 18.9737f, 19.3132f, 19.6977f, 20.1246f, 20.5913f, 21.095f, 21.6333f, 22.2036f, 22.8035f, 23.4307f, 24.0832f, 24.7588f, 25.4558f, 26.1725f, 26.9072f, 27.6586f, 28.4253f, 29.2062f, 30f, 30.8058f, 31.6228f, 32.45f, 33.2866f, 34.1321f, 34.9857f, 35.8469f, 36.7151f  },
        { 37.2156f, 36.3593f, 35.5106f, 34.6699f, 33.8378f, 33.0151f, 32.2025f, 31.4006f, 30.6105f, 29.8329f, 29.0689f, 28.3196f, 27.5862f, 26.8701f, 26.1725f, 25.4951f, 24.8395f, 24.2074f, 23.6008f, 23.0217f, 22.4722f, 21.9545f, 21.4709f, 21.0238f, 20.6155f, 20.2485f, 19.9249f, 19.6469f, 19.4165f, 19.2354f, 19.105f, 19.0263f, 19f, 19.0263f, 19.105f, 19.2354f, 19.4165f, 19.6469f, 19.9249f, 20.2485f, 20.6155f, 21.0238f, 21.4709f, 21.9545f, 22.4722f, 23.0217f, 23.6008f, 24.2074f, 24.8395f, 25.4951f, 26.1725f, 26.8701f, 27.5862f, 28.3196f, 29.0689f, 29.8329f, 30.6105f, 31.4006f, 32.2025f, 33.0151f, 33.8378f, 34.6699f, 35.5106f, 36.3593f, 37.2156f  },
        { 37.7359f, 36.8917f, 36.0555f, 35.2278f, 34.4093f, 33.6006f, 32.8024f, 32.0156f, 31.241f, 30.4795f, 29.7321f, 29f, 28.2843f, 27.5862f, 26.9072f, 26.2488f, 25.6125f, 25f, 24.4131f, 23.8537f, 23.3238f, 22.8254f, 22.3607f, 21.9317f, 21.5407f, 21.1896f, 20.8806f, 20.6155f, 20.3961f, 20.2237f, 20.0998f, 20.025f, 20f, 20.025f, 20.0998f, 20.2237f, 20.3961f, 20.6155f, 20.8806f, 21.1896f, 21.5407f, 21.9317f, 22.3607f, 22.8254f, 23.3238f, 23.8537f, 24.4131f, 25f, 25.6125f, 26.2488f, 26.9072f, 27.5862f, 28.2843f, 29f, 29.7321f, 30.4795f, 31.241f, 32.0156f, 32.8024f, 33.6006f, 34.4093f, 35.2278f, 36.0555f, 36.8917f, 37.7359f  },
        { 38.2753f, 37.4433f, 36.6197f, 35.805f, 35f, 34.2053f, 33.4216f, 32.6497f, 31.8904f, 31.1448f, 30.4138f, 29.6985f, 29f, 28.3196f, 27.6586f, 27.0185f, 26.4008f, 25.807f, 25.2389f, 24.6982f, 24.1868f, 23.7065f, 23.2594f, 22.8473f, 22.4722f, 22.1359f, 21.8403f, 21.587f, 21.3776f, 21.2132f, 21.095f, 21.0238f, 21f, 21.0238f, 21.095f, 21.2132f, 21.3776f, 21.587f, 21.8403f, 22.1359f, 22.4722f, 22.8473f, 23.2594f, 23.7065f, 24.1868f, 24.6982f, 25.2389f, 25.807f, 26.4008f, 27.0185f, 27.6586f, 28.3196f, 29f, 29.6985f, 30.4138f, 31.1448f, 31.8904f, 32.6497f, 33.4216f, 34.2053f, 35f, 35.805f, 36.6197f, 37.4433f, 38.2753f  },
        { 38.833f, 38.0132f, 37.2022f, 36.4006f, 35.609f, 34.8281f, 34.0588f, 33.3017f, 32.5576f, 31.8277f, 31.1127f, 30.4138f, 29.7321f, 29.0689f, 28.4253f, 27.8029f, 27.2029f, 26.6271f, 26.0768f, 25.5539f, 25.0599f, 24.5967f, 24.1661f, 23.7697f, 23.4094f, 23.0868f, 22.8035f, 22.561f, 22.3607f, 22.2036f, 22.0907f, 22.0227f, 22f, 22.0227f, 22.0907f, 22.2036f, 22.3607f, 22.561f, 22.8035f, 23.0868f, 23.4094f, 23.7697f, 24.1661f, 24.5967f, 25.0599f, 25.5539f, 26.0768f, 26.6271f, 27.2029f, 27.8029f, 28.4253f, 29.0689f, 29.7321f, 30.4138f, 31.1127f, 31.8277f, 32.5576f, 33.3017f, 34.0588f, 34.8281f, 35.609f, 36.4006f, 37.2022f, 38.0132f, 38.833f  },
        { 39.4081f, 38.6005f, 37.8021f, 37.0135f, 36.2353f, 35.4683f, 34.7131f, 33.9706f, 33.2415f, 32.5269f, 31.8277f, 31.1448f, 30.4795f, 29.8329f, 29.2062f, 28.6007f, 28.0179f, 27.4591f, 26.9258f, 26.4197f, 25.9422f, 25.4951f, 25.0799f, 24.6982f, 24.3516f, 24.0416f, 23.7697f, 23.5372f, 23.3452f, 23.1948f, 23.0868f, 23.0217f, 23f, 23.0217f, 23.0868f, 23.1948f, 23.3452f, 23.5372f, 23.7697f, 24.0416f, 24.3516f, 24.6982f, 25.0799f, 25.4951f, 25.9422f, 26.4197f, 26.9258f, 27.4591f, 28.0179f, 28.6007f, 29.2062f, 29.8329f, 30.4795f, 31.1448f, 31.8277f, 32.5269f, 33.2415f, 33.9706f, 34.7131f, 35.4683f, 36.2353f, 37.0135f, 37.8021f, 38.6005f, 39.4081f  },
        { 40f, 39.2046f, 38.4187f, 37.6431f, 36.8782f, 36.1248f, 35.3836f, 34.6554f, 33.9411f, 33.2415f, 32.5576f, 31.8904f, 31.241f, 30.6105f, 30f, 29.4109f, 28.8444f, 28.3019f, 27.7849f, 27.2947f, 26.8328f, 26.4008f, 26f, 25.632f, 25.2982f, 25f, 24.7386f, 24.5153f, 24.3311f, 24.1868f, 24.0832f, 24.0208f, 24f, 24.0208f, 24.0832f, 24.1868f, 24.3311f, 24.5153f, 24.7386f, 25f, 25.2982f, 25.632f, 26f, 26.4008f, 26.8328f, 27.2947f, 27.7849f, 28.3019f, 28.8444f, 29.4109f, 30f, 30.6105f, 31.241f, 31.8904f, 32.5576f, 33.2415f, 33.9411f, 34.6554f, 35.3836f, 36.1248f, 36.8782f, 37.6431f, 38.4187f, 39.2046f, 40f  },
        { 40.6079f, 39.8246f, 39.0512f, 38.2884f, 37.5366f, 36.7967f, 36.0694f, 35.3553f, 34.6554f, 33.9706f, 33.3017f, 32.6497f, 32.0156f, 31.4006f, 30.8058f, 30.2324f, 29.6816f, 29.1548f, 28.6531f, 28.178f, 27.7308f, 27.313f, 26.9258f, 26.5707f, 26.2488f, 25.9615f, 25.7099f, 25.4951f, 25.318f, 25.1794f, 25.0799f, 25.02f, 25f, 25.02f, 25.0799f, 25.1794f, 25.318f, 25.4951f, 25.7099f, 25.9615f, 26.2488f, 26.5707f, 26.9258f, 27.313f, 27.7308f, 28.178f, 28.6531f, 29.1548f, 29.6816f, 30.2324f, 30.8058f, 31.4006f, 32.0156f, 32.6497f, 33.3017f, 33.9706f, 34.6554f, 35.3553f, 36.0694f, 36.7967f, 37.5366f, 38.2884f, 39.0512f, 39.8246f, 40.6079f  },
        { 41.2311f, 40.4599f, 39.6989f, 38.9487f, 38.2099f, 37.4833f, 36.7696f, 36.0694f, 35.3836f, 34.7131f, 34.0588f, 33.4216f, 32.8024f, 32.2025f, 31.6228f, 31.0644f, 30.5287f, 30.0167f, 29.5296f, 29.0689f, 28.6356f, 28.2312f, 27.8568f, 27.5136f, 27.2029f, 26.9258f, 26.6833f, 26.4764f, 26.3059f, 26.1725f, 26.0768f, 26.0192f, 26f, 26.0192f, 26.0768f, 26.1725f, 26.3059f, 26.4764f, 26.6833f, 26.9258f, 27.2029f, 27.5136f, 27.8568f, 28.2312f, 28.6356f, 29.0689f, 29.5296f, 30.0167f, 30.5287f, 31.0644f, 31.6228f, 32.2025f, 32.8024f, 33.4216f, 34.0588f, 34.7131f, 35.3836f, 36.0694f, 36.7696f, 37.4833f, 38.2099f, 38.9487f, 39.6989f, 40.4599f, 41.2311f  },
        { 41.8688f, 41.1096f, 40.3609f, 39.6232f, 38.8973f, 38.1838f, 37.4833f, 36.7967f, 36.1248f, 35.4683f, 34.8281f, 34.2053f, 33.6006f, 33.0151f, 32.45f, 31.9061f, 31.3847f, 30.8869f, 30.4138f, 29.9666f, 29.5466f, 29.1548f, 28.7924f, 28.4605f, 28.1603f, 27.8927f, 27.6586f, 27.4591f, 27.2947f, 27.1662f, 27.074f, 27.0185f, 27f, 27.0185f, 27.074f, 27.1662f, 27.2947f, 27.4591f, 27.6586f, 27.8927f, 28.1603f, 28.4605f, 28.7924f, 29.1548f, 29.5466f, 29.9666f, 30.4138f, 30.8869f, 31.3847f, 31.9061f, 32.45f, 33.0151f, 33.6006f, 34.2053f, 34.8281f, 35.4683f, 36.1248f, 36.7967f, 37.4833f, 38.1838f, 38.8973f, 39.6232f, 40.3609f, 41.1096f, 41.8688f  },
        { 42.5206f, 41.7732f, 41.0366f, 40.3113f, 39.598f, 38.8973f, 38.2099f, 37.5366f, 36.8782f, 36.2353f, 35.609f, 35f, 34.4093f, 33.8378f, 33.2866f, 32.7567f, 32.249f, 31.7648f, 31.305f, 30.8707f, 30.4631f, 30.0832f, 29.7321f, 29.4109f, 29.1204f, 28.8617f, 28.6356f, 28.4429f, 28.2843f, 28.1603f, 28.0713f, 28.0179f, 28f, 28.0179f, 28.0713f, 28.1603f, 28.2843f, 28.4429f, 28.6356f, 28.8617f, 29.1204f, 29.4109f, 29.7321f, 30.0832f, 30.4631f, 30.8707f, 31.305f, 31.7648f, 32.249f, 32.7567f, 33.2866f, 33.8378f, 34.4093f, 35f, 35.609f, 36.2353f, 36.8782f, 37.5366f, 38.2099f, 38.8973f, 39.598f, 40.3113f, 41.0366f, 41.7732f, 42.5206f  },
        { 43.1856f, 42.45f, 41.7253f, 41.0122f, 40.3113f, 39.6232f, 38.9487f, 38.2884f, 37.6431f, 37.0135f, 36.4006f, 35.805f, 35.2278f, 34.6699f, 34.1321f, 33.6155f, 33.121f, 32.6497f, 32.2025f, 31.7805f, 31.3847f, 31.0161f, 30.6757f, 30.3645f, 30.0832f, 29.8329f, 29.6142f, 29.4279f, 29.2746f, 29.1548f, 29.0689f, 29.0172f, 29f, 29.0172f, 29.0689f, 29.1548f, 29.2746f, 29.4279f, 29.6142f, 29.8329f, 30.0832f, 30.3645f, 30.6757f, 31.0161f, 31.3847f, 31.7805f, 32.2025f, 32.6497f, 33.121f, 33.6155f, 34.1321f, 34.6699f, 35.2278f, 35.805f, 36.4006f, 37.0135f, 37.6431f, 38.2884f, 38.9487f, 39.6232f, 40.3113f, 41.0122f, 41.7253f, 42.45f, 43.1856f  },
